-38
-69
64
41
9
44
53
86
2
-74
39
92
95
84
11
100
82
48
60
-70
-57
53
-92
-72
-63
-13
-54
87
-31
85
-35
57
-65
72
25
-75
-58
13
-71
57
17
-68
93
-56
-4
69
-45
84
85
-10
-32
31
28
-98
42
-21
-11
-8
-86
-16
-93
-54
-78
89
6
-95
-47
16
24
96
-8
-53
-58
-33
64
-59
14
19
-10
8
80
-99
91
97
-40
36
77
39
-34
-82
99
18
61
-82
-79
-90
-64
-64
21
-22
-6
37
30
15
-5
-32
80
-25
61
-68
-31
-30
5
69
-37
-13
72
31
70
-43
3
0
-39
67
49
-39
-85
53
-35
53
-24
43
63
87
-99
16
-53
79
-74
31
81
-46
-100
93
57
-34
7
-9
-8
28
-82
-2
-56
25
70
-70
1
-12
-88
82
41
-8
-81
-30
61
60
70
-9
21
11
91
37
-75
-41
-28
-57
45
19
54
66
23
-1
12
16
38
-64
29
-20
-27
-64
79
-75
3
-13
71
-72
72
-11
99
-61
-18
56
-3
72
-14
-68
97
-44
14
-63
9
59
-74
14
-64
-35
-53
-70
32
75
-39
31
-65
-92
-34
-65
-69
3
83
74
91
62
26
62
-64
-77
96
5
-47
-91
14
-26
92
31
7
-11
-31
-43
21
-61
77
-59
-70
79
-100
89
94
-60
66
86
42
-18
54
82
14
-12
74
-46
55
-9
90
-15
66
-14
-21
-95
0
-82
77
-75
-17
-86
79
93
-39
-38
-85
14
-91
-87
-14
-63
-15
97
48
-15
-96
37
62
-70
17
-45
23
-5
-79
-71
88
-7
-10
69
-73
-46
9
23
84
-98
-16
-81
-34
-77
-88
82
85
-99
3
-94
-77
44
-12
-40
-46
-78
57
-17
-38
39
36
7
-43
-57
-63
-5
35
27
-92
-8
-82
23
45
29
-78
25
-8
71
66
-80
73
-71
-13
-18
-49
92
-47
-96
31
6
-18
-58
-16
-77
94
69
54
-6
5
58
-53
-30
64
46
87
-56
7
-39
-2
63
-6
56
14
-81
74
-66
20
76
-86
-63
6
4
42
-80
-65
88
7
-97
-14
70
94
-55
-90
10
-39
-67
-95
0
-66
-87
44
22
-70
87
60
84
83
-11
0
42
-30
32
-86
-96
-32
88
-87
8
-85
54
49
-100
-20
63
40
-30
57
-48
5
-38
-15
-88
62
-22
-87
61
-93
-69
42
70
-43
67
24
10
-96
-25
-99
-36
42
37
10
60
72
24
56
52
60
-76
82
-37
-55
-61
94
-66
12
14
95
89
-14
61
-12
3
81
-83
87
67
-91
-84
39
-95
-85
-90
42
4
54
82
-11
-42
-76
-45
19
83
-42
20
-94
43
-25
87
1
-47
56
49
-53
-33
-69
-13
100
-35
51
88
92
85
4
-26
-25
-75
-56
28
-96
-18
-17
54
3
6
71
49
-22
81
-57
-17
-100
-94
51
-3
0
-80
-51
15
83
-91
-88
88
71
75
-69
48
-79
54
-92
-86
66
-26
39
6
41
19
91
-6
-74
43
94
-15
27
61
-12
60
-13
17
-71
-87
-31
71
53
-83
-34
-80
69
64
-100
-93
7
-57
-98
-91
-93
-82
66
71
94
26
-79
-62
15
-66
51
26
-94
-54
-9
65
20
35
67
-91
89
-9
-3
6
24
36
-54
10
-58
-33
23
-93
21
80
-16
-93
10
70
-78
-77
51
-28
-77
90
-8
-9
-54
2
37
